---
title: 6.3.6 Ordenar un Listado
---

De forma predeterminada, el comando `ls` ordena los archivos alfabéticamente por nombre de archivo. A veces, puede ser útil ordenar los archivos utilizando diferentes criterios.

Para ordenar los archivos por tamaño, podemos utilizar la opción `-S`. Observa la diferencia en la salida de los dos siguientes comandos:

<pre class="content_terminal"><strong><span class="ansi-green">sysadmin@localhost</span>:<span class="ansi-blue">~</span>$</strong> ls /etc/ssh                           
moduli           ssh_host_dsa_key.pub    ssh_host_rsa_key     sshd_confi
ssh_config        ssh_host_ecdsa_key      ssh_host_rsa_key.pub    
ssh_host_dsa_key  ssh_host_ecdsa_key.pub  ssh_import_id           
<strong><span class="ansi-green">sysadmin@localhost</span>:<span class="ansi-blue">~</span>$</strong> ls -S /etc/ssh                               
moduli            ssh_host_dsa_key      ssh_host_ecdsa_key        
sshd_config       ssh_host_dsa_key.pub  ssh_host_ecdsa_key.pub     
ssh_host_rsa_key  ssh_host_rsa_key.pub                             
ssh_config        ssh_import_id                                    
<strong><span class="ansi-green">sysadmin@localhost</span>:<span class="ansi-blue">~</span>$</strong></pre>

Aparecen los mismos archivos y directorios, pero en un orden diferente. Mientras que la opción `-S` trabaja por sí misma, realmente no puedes decir que la salida está ordenada por tamaño, por lo que es más útil cuando se utiliza con la opción `-l`. El siguiente comando listará los archivos del mayor al menor y mostrará el tamaño real del archivo.

<pre class="content_terminal"><strong><span class="ansi-green">sysadmin@localhost</span>:<span class="ansi-blue">~</span>$</strong> ls -lS /etc/ssh                              
total 160                                                         
-rw-r--r-- 1 root root 125749 Apr 29  2014 moduli                  
-rw-r--r-- 1 root root   2489 Jan 29  2015 sshd_config            
-rw------- 1 root root   1675 Jan 29  2015 ssh_host_rsa_key        
-rw-r--r-- 1 root root   1669 Apr 29  2014 ssh_config              
-rw------- 1 root root    668 Jan 29  2015 ssh_host_dsa_key       
-rw-r--r-- 1 root root    607 Jan 29  2015 ssh_host_dsa_key.pub   
-rw-r--r-- 1 root root    399 Jan 29  2015 ssh_host_rsa_key.pub   
-rw-r--r-- 1 root root    302 Jan 10  2011 ssh_import_id           
-rw------- 1 root root    227 Jan 29  2015 ssh_host_ecdsa_key     
-rw-r--r-- 1 root root    179 Jan 29  2015 ssh_host_ecdsa_key.pub   
<strong><span class="ansi-green">sysadmin@localhost</span>:<span class="ansi-blue">~</span>$</strong></pre>

También puede ser útil usar la opción `-h` para mostrar los tamaños de los archivos de una manera legible:

<pre class="content_terminal"><strong><span class="ansi-green">sysadmin@localhost</span>:<span class="ansi-blue">~</span>$</strong> ls -lSh /etc/ssh                            
total 160K                                                         
-rw-r--r-- 1 root root 123K Apr 29  2014 moduli                    
-rw-r--r-- 1 root root 2.5K Jan 29  2015 sshd_config               
-rw------- 1 root root 1.7K Jan 29  2015 ssh_host_rsa_key          
-rw-r--r-- 1 root root 1.7K Apr 29  2014 ssh_config               
-rw------- 1 root root  668 Jan 29  2015 ssh_host_dsa_key          
-rw-r--r-- 1 root root  607 Jan 29  2015 ssh_host_dsa_key.pub      
-rw-r--r-- 1 root root  399 Jan 29  2015 ssh_host_rsa_key.pub      
-rw-r--r-- 1 root root  302 Jan 10  2011 ssh_import_id       
-rw------- 1 root root  227 Jan 29  2015 ssh_host_ecdsa_key       
-rw-r--r-- 1 root root  179 Jan 29  2015 ssh_host_ecdsa_key.pub  
<strong><span class="ansi-green">sysadmin@localhost</span>:<span class="ansi-blue">~</span>$</strong></pre>

También es posible ordenar los archivos según el momento en que se modificaron. Puedes hacer esto mediante la opción `-t`.

La opción `-t` listará los archivos modificados más recientemente en primer lugar. Esta opción puede utilizarse sola, pero otra vez, es generalmente más útil cuando se combina con la opción `-l`:

<pre class="content_terminal"><strong><span class="ansi-green">sysadmin@localhost</span>:<span class="ansi-blue">~</span>$</strong> ls -tl /etc/ssh                             
total 160                                                         
-rw------- 1 root root    668 Jan 29  2015 ssh_host_dsa_key        
-rw-r--r-- 1 root root    607 Jan 29  2015 ssh_host_dsa_key.pub    
-rw------- 1 root root    227 Jan 29  2015 ssh_host_ecdsa_key      
-rw-r--r-- 1 root root    179 Jan 29  2015 ssh_host_ecdsa_key.pub   
-rw------- 1 root root   1675 Jan 29  2015 ssh_host_rsa_key        
-rw-r--r-- 1 root root    399 Jan 29  2015 ssh_host_rsa_key.pub   
-rw-r--r-- 1 root root   2489 Jan 29  2015 sshd_config            
-rw-r--r-- 1 root root 125749 Apr 29  2014 moduli                  
-rw-r--r-- 1 root root   1669 Apr 29  2014 ssh_config              
-rw-r--r-- 1 root root    302 Jan 10  2011 ssh_import_id           
<strong><span class="ansi-green">sysadmin@localhost</span>:<span class="ansi-blue">~</span>$</strong></pre>

Es importante recordar que la fecha de modificación de los directorios representa la última vez que un archivo se agrega o se elimina del directorio.

Si los archivos en un directorio se modificaron hace muchos días o meses, puede ser más difícil de decir exactamente cuándo fueron modificados, ya que para los archivos más antiguos sólamente se proporciona la fecha. Para una información más detallada de la hora de modificación puedes utilizar la opción `--full time` que visualiza la fecha y la hora completas (incluyendo horas, segundos, minutos...):

<pre class="content_terminal"><strong><span class="ansi-green">sysadmin@localhost</span>:<span class="ansi-blue">~</span>$</strong> ls -t --full-time /etc/ssh                   
total 160                                                         
-rw------- 1 root root    668 2015-01-29 03:17:33.000000000 +0000 ssh_host_dsa_key                                                        
-rw-r--r-- 1 root root    607 2015-01-29 03:17:33.000000000 +0000 ssh_host_dsa_key.pub                                                     
-rw------- 1 root root    227 2015-01-29 03:17:33.000000000 +0000 ssh_host_ecdsa_key                                                       
-rw-r--r-- 1 root root    179 2015-01-29 03:17:33.000000000 +0000 ssh_host_ecdsa_key.pub                                                  
-rw------- 1 root root   1675 2015-01-29 03:17:33.000000000 +0000 ssh_host_rsa_key                                                         
-rw-r--r-- 1 root root    399 2015-01-29 03:17:33.000000000 +0000 ssh_host_rsa_key.pub                                                     
-rw-r--r-- 1 root root   2489 2015-01-29 03:17:33.000000000 +0000 sshd_config   
-rw-r--r-- 1 root root 125749 2014-04-29 23:58:51.000000000 +0000 moduli-rw-r--r-- 1 root root   1669 2014-04-29 23:58:51.000000000 +0000 ssh_config  
-rw-r--r-- 1 root root    302 2011-01-10 18:48:29.000000000 +0000 ssh_import_id 
<strong><span class="ansi-green">sysadmin@localhost</span>:<span class="ansi-blue">~</span>$</strong></pre>

La opción `--full-time` asumirá automáticamente la opción `-l`.

Es posible realizar una ordenación inversa con las opciones `-S` o `-t` mediante la opción `-r`. El siguiente comando ordena los archivos por tamaño, de menor a mayor:

<pre class="content_terminal"><strong><span class="ansi-green">sysadmin@localhost</span>:<span class="ansi-blue">~</span>$</strong> ls -lrS /etc/ssh                             
total 160                                                          
-rw-r--r-- 1 root root    179 Jan 29  2015 ssh_host_ecdsa_key.pub  
-rw------- 1 root root    227 Jan 29  2015 ssh_host_ecdsa_key      
-rw-r--r-- 1 root root    302 Jan 10  2011 ssh_import_id           
-rw-r--r-- 1 root root    399 Jan 29  2015 ssh_host_rsa_key.pub    
-rw-r--r-- 1 root root    607 Jan 29  2015 ssh_host_dsa_key.pub    
-rw------- 1 root root    668 Jan 29  2015 ssh_host_dsa_key        
-rw-r--r-- 1 root root   1669 Apr 29  2014 ssh_config              
-rw------- 1 root root   1675 Jan 29  2015 ssh_host_rsa_key        
-rw-r--r-- 1 root root   2489 Jan 29  2015 sshd_config             
-rw-r--r-- 1 root root 125749 Apr 29  2014 moduli                  
<strong><span class="ansi-green">sysadmin@localhost</span>:<span class="ansi-blue">~</span>$</strong></pre>

El siguiente comando listará los archivos por fecha de modificación, de la más antigua a la más reciente:

<pre class="content_terminal"><strong><span class="ansi-green">sysadmin@localhost</span>:<span class="ansi-blue">~</span>$</strong> ls -lrt /etc/ssh                             
total 160                                                          
-rw-r--r-- 1 root root    302 Jan 10  2011 ssh_import_id           
-rw-r--r-- 1 root root   1669 Apr 29  2014 ssh_config              
-rw-r--r-- 1 root root 125749 Apr 29  2014 moduli                  
-rw-r--r-- 1 root root   2489 Jan 29  2015 sshd_config             
-rw-r--r-- 1 root root    399 Jan 29  2015 ssh_host_rsa_key.pub    
-rw------- 1 root root   1675 Jan 29  2015 ssh_host_rsa_key        
-rw-r--r-- 1 root root    179 Jan 29  2015 ssh_host_ecdsa_key.pub  
-rw------- 1 root root    227 Jan 29  2015 ssh_host_ecdsa_key      
-rw-r--r-- 1 root root    607 Jan 29  2015 ssh_host_dsa_key.pub    
-rw------- 1 root root    668 Jan 29  2015 ssh_host_dsa_key        
<strong><span class="ansi-green">sysadmin@localhost</span>:<span class="ansi-blue">~</span>$</strong></pre>

* [ Previous](https://content.netdevgroup.com/contents/linux-essentials-es/6/6.3.5)
* [Next ](https://content.netdevgroup.com/contents/linux-essentials-es/6/6.3.7)
